-2.909457010571456337e+00
1.734316705118104096e-01
1.737560561200311327e+00
-4.182937916717921922e+00
4.812301994543741301e+00
6.309353267075756833e+00
-1.357880733903878223e+01
7.695043879447240442e+00
7.069135108354878128e-01
3.214691736049324788e+00
-3.424660522958582476e+00
3.065362295418299077e+00
-3.681771846094665790e-01
4.719536157895412032e-01
4.586584533059157032e-01
2.405447822986586104e+00
1.877339967410756927e+01
-3.339726765657235319e+01
4.531703843296014611e+00
1.107202906924279517e+01
-8.851759141110449036e-02
-7.446680660297069210e+00
3.599501304066350826e+00
3.483779893605605693e+00
-6.409653750965890850e+00
2.332119728359432820e+00
8.103435346805191841e+00
-1.738612767210983634e+01
9.942514815046926913e+00
2.687733251394732292e+00
-7.572892223263295364e+00
9.738704637500514849e+00
7.418501992796656452e+00
-4.354869433542704371e+01
5.467033656185463997e+00
2.195012033615582681e+01
2.472899838588678278e+01
8.033282793026454982e+00
-2.460116960325652258e+01
-1.825217397653661777e+01
-6.297742140116673326e-01
8.665239470477274608e+00
7.231047948271904779e+00
-1.767357287529243592e+00
-7.590047806553172904e-01
-2.614553646265328268e+00
6.418593205889777664e-02
1.836030714440106237e+00
2.630729880377614904e+00
-4.550274066817792118e+00
2.629599218437846275e+00
-5.190562389074315774e+00
8.810012067056433693e+00
-2.897837823568458759e+00
-2.505649524084482493e+00
3.856181765719011167e+00
-4.815247270960178128e+00
-6.873380843860402933e+00
1.382881345758744729e+01
-7.981363517328311730e+00
2.909866260368005442e+00
1.123749469204916807e+00
-1.906795219533563568e+00
2.249849704537069783e+00
-2.371518381385449459e+00
2.525393830606020629e+00
-2.657926823060677179e+00
1.997706945782283583e+00
-1.089129266178474609e-01
1.884226712960597183e+00
8.018257280344975868e-01
-8.633731858093582900e-01
1.381957757984913826e+00
3.247298327623791891e+00
-7.957512195658729581e+00
4.396335864086594825e+00
-6.005134559914807824e+00
3.842124325939813900e+00
-2.183095624002399759e+00
1.789364520187973540e+00
1.570615811544058715e+00
-4.386793857250054884e+00
9.964346738281477656e-01
3.482439228457195668e+00
-3.840186076871603404e+00
2.579192939293431408e+00
-5.250029969435150434e-01
1.819658516943988502e+00
3.790201551260565793e+00
-4.135685830444536748e+00
-1.024179033449115650e+00
-8.877902051611137324e-01
7.131859577633576919e-01
1.788693069760828536e+00
2.174912142145672078e+00
-2.064455208273770381e+00
-1.157865537549668034e+00
-4.994224142308439696e+00
2.716240773023507415e+00
5.803880238935292368e+00
5.895350227359152484e+00
-4.611827001834612361e+00
-1.159604438975588536e+01
-4.778668616470518771e+00
1.525362172474688549e+01
4.740500656756998055e+00
-1.430414238343177757e+01
5.009800027438202186e+00
1.673173753475242620e+01
1.618099995162972249e+01
-3.481617929403023481e+01
3.798991518367792697e+00
-1.646403272625790137e+01
-9.133734745408597533e+00
1.696420266916471320e+01
2.158043457710554591e+01
6.612730432653705748e+00
-9.995858637729037710e+00
5.194095272885626002e-01
-5.671769942991350177e+00
2.113999222967839486e+00
-3.622574921227172950e-01
3.701813432835197482e+00
-2.283510930844768083e+01
1.818074670781190960e+01
1.035855983563979343e+01
7.508628069561808616e+00
-2.479278064662271319e+01
-1.366910202568022115e+01
3.030786577146983518e+01
-1.676867874087879073e+01
3.100822662332113566e+00
-1.028353042408454598e+01
5.536926263563188400e+00
2.734407071461731675e+00
-2.777332526994310768e+01
-1.030487750332006058e+01
2.189117009518724899e+00
-9.046900648341036799e+00
5.779338093923513497e+00
-7.945528233067449264e-01
1.870792850593330670e+00
-1.760591344188760843e+00
-2.311918579055358691e+00
-4.614115327629093599e-01
6.148482489650582750e+00
-6.710356260204221712e+00
5.371361988954475919e+00
1.861148513232484980e+00
-4.408479788618790529e+00
3.311784992874695632e+00
4.321413659766498938e+00
-8.548543605386811350e+00
6.755960543894872217e+00
3.859025945796062729e+00
-9.892860265103124107e+00
4.826193106389538912e+00
2.862189393011821181e+00
-1.036150172726313201e+01
8.696150272814222149e+00
1.652142197596742079e+00
-5.911131965985809700e+00
1.714708548102628072e-01
4.925393650156042469e+00
1.580640802277493151e-01
-1.270677084502365517e+01
1.965059763514423707e+01
-1.505635680334475524e+01
7.018337085673927334e+00
-4.022778605249044404e-01
-3.132610989912464561e+00
-9.939615383180878894e+00
2.742775277580696525e+01
-1.645517118999489981e+01
-3.164049196463622593e+00
6.626879636787514016e+00
1.823487917674974312e+00
-5.007395784811880191e+00
4.441619655932548483e+00
3.180287998455234799e+00
-1.673403520420244917e+01
3.504904661414923339e+01
-2.586206358821781492e+01
5.295641051652633990e+00
1.260419562201199284e+01
-1.715245605410083130e+01
7.094311529044283304e+00
-1.625890801903693728e+00
1.648013219880465563e+00
5.955217040445646148e-01
-3.443364632654763113e+00
1.469881251201698547e+00
5.271723994240176125e-01
2.654790297322293213e+00
-5.889982254448199228e+00
1.482745904600918152e+00
1.743781324722576187e+00
5.641565102891064498e+00
-5.957306493500112765e+00
-2.162129048568651513e+00
5.990969824365279806e+00
4.397133672562290485e+00
1.482280842402413867e+00
1.810055659641842851e+01
1.429008717621064761e+01
-4.858304848997462955e+00
-1.193098120818632424e+00
9.570083242816522784e+00
-9.213174375567376728e+00
1.005573484966078013e-01
2.719115665139113958e+00
5.288411747635848315e-01
3.272394839415838419e+00
-4.170625262091874674e+00
-2.620473472007354587e+00
5.099622243499027263e+00
1.300120271644544800e-02
-3.064568371826986493e+00
4.726081667035330725e+00
-3.959970720135252975e+00
3.422361226864460093e+00
-2.747494136159577494e+00
3.534134494872287924e+00
-1.234991894772202947e+00
3.523164815721218091e-01
1.386097013648281084e+00
-2.252638347267135632e+00
4.092944966576904875e+00
-3.399453349075924891e+00
1.965114271648398692e+00
-4.681101496238326831e+00
5.910980643922506772e+00
-1.168404630729903459e+01
2.039279594506039217e+01
-2.113069457600311551e+01
1.281990722411730843e+01
-5.283527985421173412e+00
-3.137270824261815250e+00
1.400516128169440222e+01
-1.427648509529188203e+01
-1.477982540868763728e+01
3.179849268231006931e+01
-2.064244745459723873e+01
6.553820725332357711e+00
5.539315361069148125e-01
-4.068367322414495391e+00
-4.769840645342350527e+00
2.482513977875442635e+01
-2.894354457302251404e+01
6.501198634420198630e+00
8.977444921984897519e+00
-3.269524619232150542e+00
-4.972174331177122042e+00
5.225194369345416590e+00
-1.613041483550929911e+00
-2.100165077203243413e+00
4.922589045869216307e+00
-4.389992628516949935e+00
-2.824151194845029522e+00
3.070428332116847514e+00
8.197422093736378201e+00
-1.887164120872139250e+00
-8.919967793765195552e+00
-6.376626301915521822e+00
9.675988051851245331e+00
5.819594242950770990e+00
-3.877618194053283673e+00
-1.089231771592551468e-01
3.984572747227325351e+00
-6.366933149202367304e+00
-6.374081321980192172e+00
1.404078389053520937e+01
5.294967884968954763e+00
-1.356371995853970702e+01
1.614299717572336590e+00
