7.043489167428910180e-01 2.511621196499106201e+00 -4.641209581196404366e-01 -1.319285924445934954e+00 -1.458008277702442235e-01 1.496067867279932351e+00 7.844571390995140518e+02 -2.086053790857778534e+00 1.105263568389485499e+03
5.141181857363672503e-01 2.320883807999858828e+00 -1.924232892418258067e-01 -1.318443785259028944e+00 -1.559210049180659863e-01 1.718378255559863677e+00 7.839016844290327981e+02 -2.025823796510399344e+00 1.105499578888313863e+03
1.859761707566057742e-01 2.263717374524436110e+00 2.605940356121691504e-01 -1.309944918609529108e+00 -2.345590088267500983e-01 2.102509085345381834e+00 7.827596046799800433e+02 -1.804497143822734406e+00 1.106307078383553517e+03
-2.032714616437250321e-01 2.023521396074889900e+00 7.819488468657427305e-01 -1.290900793186226636e+00 -3.508613562291086896e-01 2.293489923629195015e+00 7.821055732776173954e+02 -1.520084522412244343e+00 1.107207040263379440e+03
-3.795201351140142232e-01 1.591548730052430249e+00 1.382356856767235520e+00 -1.284888952247446037e+00 -3.799867270246079509e-01 2.358663932003733699e+00 7.818692389034559937e+02 -1.118739427703490774e+00 1.108214186661012945e+03
-3.754307029411635965e-01 1.082415468212088561e+00 1.897117470084124902e+00 -1.284946129975814255e+00 -3.797208588389916484e-01 2.358663932003733699e+00 7.818692389034559937e+02 -7.138747686945046134e-01 1.108919219959496786e+03
-2.900078413708623293e-01 6.134361234386864759e-01 2.367721689082374237e+00 -1.285707447546033722e+00 -3.761617955391480250e-01 2.334225989806864909e+00 7.819586402778930960e+02 -2.362314032905741545e-01 1.109350224784143848e+03
-1.905812119488245193e-01 2.895903380121125914e-01 2.714993117416726331e+00 -1.286146078369019952e+00 -3.740949111981786146e-01 2.334225989806864909e+00 7.819586402778930960e+02 2.355283559258392334e-01 1.109350539723753400e+03
-9.049202720533577882e-02 -9.771763884078035756e-02 2.961946813930917521e+00 -1.288290121449286341e+00 -3.638125123611104517e-01 2.187540983785336568e+00 7.824754905681431865e+02 7.243072624108640722e-01 1.108904967316256943e+03
-5.309559123435817277e-03 -6.647470319430798247e-01 3.166665728717166672e+00 -1.290952769851809734e+00 -3.505983791129786420e-01 1.862167394303391843e+00 7.835012579521268208e+02 1.250485946216302713e+00 1.107917450476045133e+03
6.687221629417729185e-02 -1.105314423679692348e+00 3.086880869496403612e+00 -1.294619879560440667e+00 -3.314901433865653502e-01 1.602409853399877404e+00 7.842010724824493764e+02 1.609603117420103535e+00 1.106940459846428212e+03
1.327766738553588788e-01 -1.365855054339955910e+00 2.628402819621989295e+00 -1.299405354750510888e+00 -3.046666214838323339e-01 1.370288229861765350e+00 7.847372254135530056e+02 1.764641633441738078e+00 1.106442516242507963e+03
1.907092584787291323e-01 -1.656510863785369159e+00 1.989267943848985976e+00 -1.304478590543943106e+00 -2.732452038897063562e-01 1.015118667293113841e+00 7.853950197420624590e+02 1.834385545005917217e+00 1.106203515074168308e+03
2.398775723867492549e-01 -2.029559189774513328e+00 1.300588719559674367e+00 -1.309475963620449157e+00 -2.381312475974085852e-01 5.599681161533432983e-01 7.859512003230212258e+02 1.826636969281699940e+00 1.106230528178045915e+03
2.745169294077743904e-01 -2.114118738267602104e+00 7.115383754357693658e-01 -1.313740310495598473e+00 -2.032969345984328435e-01 2.947420298070625444e-01 7.861269882725262050e+02 1.803390112424593683e+00 1.106310881389486894e+03
-7.933402422422841660e-01 1.898790982614094736e+00 -6.781648396652490973e-01 6.616516522829941627e-01 -1.346109879972657186e+00 -4.063980621897204659e-01 7.860662854052782222e+02 -1.963868761653528416e+00 1.105735084761504368e+03
-7.024433021502436425e-01 1.720434522328718741e+00 -4.456879477765853248e-01 7.004361116789425967e-01 -1.318860848235123617e+00 -2.329064942812128503e-01 7.861522859884069021e+02 -1.999273255861696574e+00 1.105601405592527954e+03
-6.376051638233750651e-01 1.476960595379076979e+00 -2.082507716384913443e-01 7.473105406485097690e-01 -1.283007984987491135e+00 -9.015871941137054701e-02 7.861880413469785935e+02 -1.963868761653528416e+00 1.105735084761504368e+03
-6.364015398550815217e-01 1.244031047562515813e+00 -2.944434713165953663e-02 8.077450919402938689e-01 -1.231634905718923090e+00 4.334562722728625694e-02 7.861928867857870955e+02 -1.937312602814780238e+00 1.105833776652834331e+03
-6.899092282490701944e-01 1.013922280727182601e+00 1.237662347228701831e-01 8.755108167243379480e-01 -1.166244569724139923e+00 1.387052155838071898e-01 7.861794272581203131e+02 -1.884193255355913754e+00 1.106027129240271051e+03
-7.882405806787304847e-01 7.648073980883840495e-01 2.347099574505191466e-01 9.503410652537910286e-01 -1.082734668718879467e+00 1.820497634361478989e-01 7.861686480381049478e+02 -1.831064750009938402e+00 1.106215106120326254e+03
-9.048721601474416509e-01 5.251116857551875183e-01 4.246993620987530305e-01 1.025316709489378697e+00 -9.842245839326225765e-01 1.993874026822634593e-01 7.861635206426311697e+02 -1.689260742172145946e+00 1.106690363647155664e+03
-1.009305023416048996e+00 3.611084235616680016e-01 6.218300471518886097e-01 1.093971516652734621e+00 -8.767511958651986737e-01 2.340623162464306739e-01 7.861518675125547588e+02 -1.537896212486879799e+00 1.107155218552881479e+03
-1.095693626102509644e+00 1.840205548399495850e-01 7.181456662521520373e-01 1.156444579651703997e+00 -7.585744398978215841e-01 2.080561786166963134e-01 7.861607821518878154e+02 -1.433443298815378242e+00 1.107450473351684877e+03
-1.156438623984174852e+00 8.275853569561857082e-02 7.532395639222578820e-01 1.209600561484955650e+00 -6.344688818085584270e-01 2.167249237121473826e-01 7.861579271330089114e+02 -1.328153492024024329e+00 1.107727013765816309e+03
-1.187510748554299278e+00 2.304077993503259036e-02 8.254449059720295745e-01 1.252102865289548506e+00 -5.086527130368770910e-01 2.167249237121473826e-01 7.861579271330089114e+02 -1.170791634506754830e+00 1.108100901057298870e+03
-1.193236573218774632e+00 -6.884901408730974975e-03 7.331287778960691170e-01 1.284355148518093959e+00 -3.824593535244973364e-01 2.167249237121473826e-01 7.861579271330089114e+02 -1.136090753059080249e+00 1.108176997137131366e+03
-1.187435842286348020e+00 -1.809556785441572557e-02 5.436021761116861528e-01 1.307399738431407776e+00 -2.533279978041702574e-01 2.167249237121473826e-01 7.861579271330089114e+02 -1.136090753059080249e+00 1.108176997137131366e+03
-1.174219749230083432e+00 -3.035151004315058201e-02 3.636842932091162162e-01 1.320875871394035173e+00 -1.244493535848814059e-01 2.080561786166963134e-01 7.861607821518878154e+02 -1.127415163167118317e+00 1.108195663444095089e+03
-1.159671846713779209e+00 -1.804466825260648763e-02 2.247743066966701453e-01 1.325127654622596962e+00 4.787071852267413274e-03 2.167249237121473826e-01 7.861579271330089114e+02 -1.118739427703490774e+00 1.108214186661012945e+03
-1.056463760952249364e+00 -5.411936722763605045e-02 2.018430702823095502e-01 1.323224711715541346e+00 8.336969832121193802e-02 1.820497634361478989e-01 7.861686480381049478e+02 -1.058005297551430468e+00 1.108339842459578449e+03
-7.729726997763611829e-01 -6.946562366253514198e-02 1.974762958004294966e-01 1.323765274186160079e+00 7.059477338447851802e-02 1.733809026943239628e-01 7.861710369420754887e+02 -1.023297050266819941e+00 1.108408497433264529e+03
-4.918737495600278287e-01 -1.066447637194522097e-01 2.369118810844236811e-01 1.323823740998826270e+00 6.907124723067427363e-02 1.387052155838071898e-01 7.861794272581203131e+02 -9.625525737305976604e-01 1.108523133530662335e+03
-2.871497403224085865e-01 -2.016142751949693279e-01 2.715279842221667850e-01 1.323490256902907003e+00 7.735888592931054741e-02 6.068384213889465445e-02 7.861914883897267146e+02 -9.130846982100794262e-01 1.108611299426890355e+03
-1.809150016365772551e-01 -3.082035573233544712e-01 2.999237096423063575e-01 1.322434706187881837e+00 9.911390899001801258e-02 -2.253973631463555838e-02 7.861939495673473175e+02 -8.614430960896805045e-01 1.108698371062383330e+03
-1.478733710720329386e-01 -4.457730565488298713e-01 2.801127797196242830e-01 1.320747734842677934e+00 1.263049191746563049e-01 -1.427507309408019565e-01 7.861785444608080979e+02 -8.393097616819027440e-01 1.108734136058728154e+03
-1.384224085400710680e-01 -4.707148606018458081e-01 2.738464890943714258e-01 1.319297854040464069e+00 1.456523681199888287e-01 -1.878289890187912758e-01 7.861669906969347039e+02 -7.950409973924045248e-01 1.108802873336959237e+03
-1.302866885072407055e-01 -4.625075806021522462e-01 2.050186640795164661e-01 1.318166087732367098e+00 1.591157582590414787e-01 -2.479321308493390441e-01 7.861466842187971906e+02 -8.024193142107419741e-01 1.108791675715782048e+03
-1.325019205050776139e-01 -4.670289792365405201e-01 9.412222576959132503e-02 1.316499936481531075e+00 1.770650674583911233e-01 -3.273292109728970223e-01 7.861112702934985919e+02 -8.319318260314033653e-01 1.108745850860065502e+03
-1.393769054105845617e-01 -3.357163709287544484e-01 -6.143181599564544876e-02 1.314611329864324718e+00 1.954038849241822029e-01 -2.985758491930430858e-01 7.861252245713025104e+02 -8.983303703280541841e-01 1.108636694161342120e+03
-1.451454191045121189e-01 -2.579830689256021325e-01 -2.594088340777742085e-01 1.312645177477838931e+00 2.127988831871295838e-01 -3.345174698365427912e-01 7.861075813988647951e+02 -1.005942129375243743e+00 1.108441966223764439e+03
-1.556217441729100259e-01 -1.535538507100969174e-01 -4.650165309347128462e-01 1.310060487462299195e+00 2.336700835011346622e-01 -3.201409187440076298e-01 7.861148790584230710e+02 -1.136090753059080249e+00 1.108176997137131366e+03
-1.655012257764743866e-01 -7.795893303177907352e-02 -7.009247505393841893e-01 1.307267937400528046e+00 2.542612597694993148e-01 -3.201409187440076298e-01 7.861148790584230710e+02 -1.317623087528212666e+00 1.107753507966715688e+03
-1.682644344954146998e-01 5.385762300089903809e-02 -9.294902037148361496e-01 1.304644404917229661e+00 2.721548128769575858e-01 -2.554449081471001359e-01 7.861437520478219767e+02 -1.520084522412244343e+00 1.107207040263379440e+03
-1.588176326100720626e-01 2.835435779184618532e-01 -1.003176267098404351e+00 1.302602865104545149e+00 2.852806250200959903e-01 -1.126982298790381032e-01 7.861844964218614678e+02 -1.644748403851463481e+00 1.106831612164523222e+03
-1.394973991820820380e-01 5.807971927905024589e-01 -1.007940968567394791e+00 1.301069606370477638e+00 2.947416418771277025e-01 8.669109383273272684e-02 7.861885168008512892e+02 -1.777927345001348858e+00 1.106397706379362262e+03
-1.115690070442997284e-01 9.140848985617771039e-01 -8.866093693330413528e-01 1.300263008314381130e+00 2.995945443984558976e-01 3.389502125189085002e-01 7.861052666382362304e+02 -1.839920125907257509e+00 1.106184149992426455e+03
-6.648749130036507582e-02 1.255581648265778005e+00 -7.011374902082705418e-01 1.301205472847295042e+00 2.939160157982579347e-01 6.385403559755293834e-01 7.858781649940035550e+02 -1.875339133456189522e+00 1.106058832058290136e+03
-1.266337410814031769e-02 1.604181937826061999e+00 -5.027918297607611997e-01 1.303069276060582649e+00 2.823374711734040754e-01 9.948549790646770141e-01 7.854266286962100594e+02 -1.893047122869785825e+00 1.105995277096988048e+03
4.742709026338493700e-02 1.881026889942416735e+00 -3.397543153226362245e-01 1.305971484027683038e+00 2.632601400502296851e-01 1.348494688218768944e+00 7.847832472035762521e+02 -1.910754089958542679e+00 1.105931124851852246e+03
1.102465958365562021e-01 1.878647582169655772e+00 -1.055501971964983438e-01 1.309585528157994672e+00 2.373015740779245708e-01 1.554076895382726642e+00 7.843196453252894571e+02 -1.839920125907257509e+00 1.106184149992426455e+03
1.912297106313787520e-01 1.692863076903570407e+00 2.783439262488334731e-01 1.314681777372460614e+00 1.947512835886108240e-01 1.708715929785564303e+00 7.839274320517575916e+02 -1.644748403851463481e+00 1.106831612164523222e+03
2.902870167022557624e-01 1.487130588953252008e+00 7.817205897718315644e-01 1.319968192406793861e+00 1.370497862751317297e-01 1.878077884242042250e+00 7.834549607313999786e+02 -1.349213540425826086e+00 1.107673392682340364e+03
4.168291842472818809e-01 1.198419923443678980e+00 1.342921969127871984e+00 1.324248734671193972e+00 5.677875985714379153e-02 1.957616011267228506e+00 7.832175670148781137e+02 -9.712307379108374716e-01 1.108507186325648263e+03
5.665241019655848920e-01 7.890590080130066575e-01 1.802777497479965074e+00 1.324588830257083405e+00 -4.455890288963988699e-02 1.925803656981679879e+00 7.833137059291810829e+02 -6.007872077836022839e-01 1.109060438565561299e+03
7.286827748433380991e-01 4.128799201429145249e-01 2.283881791360920843e+00 1.317708233697251430e+00 -1.642460690930319656e-01 1.893987430000114935e+00 7.834082696383181883e+02 -1.124925293228645762e-01 1.109391198161312559e+03
7.411762109223213324e-01 -7.796345449697007768e-02 2.563523191671774004e+00 1.312254862109915043e+00 -2.160826458610429490e-01 1.703884648112684141e+00 7.839402514180225126e+02 2.929431802636019433e-01 1.109321727748955254e+03
6.601034752889705093e-01 -3.884167482596861953e-01 2.848672386841321291e+00 1.307534237107867758e+00 -2.523719788805001141e-01 1.612075561838623550e+00 7.841769221809842065e+02 8.081412226915105634e-01 1.108782920632883133e+03
5.971532744318474029e-01 -6.532612766967145213e-01 2.886699196455041250e+00 1.298330345443336142e+00 -3.109026904620617593e-01 1.447719374413522608e+00 7.845677219245801552e+02 1.181364081870399430e+00 1.108077260513094188e+03
5.994521641024218583e-01 -1.100642231139585814e+00 2.699627286967314799e+00 1.282014516354597289e+00 -3.931060443137712190e-01 1.086034981267592681e+00 7.852793696588229295e+02 1.470498919945313565e+00 1.107348113801181171e+03
6.651021148485257717e-01 -1.803395088304904581e+00 2.337533694384178684e+00 1.256544818945124042e+00 -4.933658414772432166e-01 5.157681714904591708e-01 7.859880742953884010e+02 1.671626869109335889e+00 1.106746773510488538e+03
7.773214476905078163e-01 -2.297240706784257736e+00 1.767422098193806468e+00 1.219262487525571315e+00 -6.085162450299633763e-01 7.802202107122378771e-02 7.861896238629359459e+02 1.718137448063976613e+00 1.106596703824433234e+03
9.294466717637325237e-01 -2.624729419274331121e+00 1.205730656695466640e+00 1.164640797736465228e+00 -7.411372081085970676e-01 -3.776462813166657218e-01 7.860837653287940157e+02 1.749140959396002337e+00 1.106494369612032870e+03
1.100451376470411136e+00 -2.931756681721224833e+00 7.211178856674672621e-01 1.090647106996854410e+00 -8.824261352964780647e-01 -9.232924822770176565e-01 7.855331485487640748e+02 1.749140959396002337e+00 1.106494369612032870e+03
1.267083118748172366e+00 -2.968807028987579422e+00 2.953356056337054780e-01 9.971350630296289541e-01 -1.023252434932147237e+00 -1.315802004987866702e+00 7.848508964341385763e+02 1.694882946967044779e+00 1.106672253439706537e+03
1.413087136387630283e+00 -2.897094174782492537e+00 -1.249913927225588528e-01 8.850168516657290763e-01 -1.156339638226393962e+00 -1.717707270976879474e+00 7.839034771494438019e+02 1.561438739939177589e+00 1.107085793335405924e+03
1.519773441703742956e+00 -2.746443000134166201e+00 -6.160803131907588437e-01 7.603129412787150709e-01 -1.272463482727963058e+00 -2.082379706764833749e+00 7.828251989402352820e+02 1.309725119421912165e+00 1.107773240214125281e+03
1.586253938493952020e+00 -2.386370327126722035e+00 -1.227563371405675285e+00 6.253429612269503224e-01 -1.369761387386900120e+00 -2.287730543965705632e+00 7.821261361585935674e+02 9.157946399252795411e-01 1.108606590118085251e+03
1.682151652530311514e+00 -1.800064804774595295e+00 -1.738034136984776046e+00 4.547452972907209956e-01 -1.459292061852136335e+00 -2.330488364417059088e+00 7.819722306522489816e+02 5.410846054619499190e-01 1.109125187595658872e+03
1.819709066174216794e+00 -1.160695673520021343e+00 -2.092523349392174659e+00 2.523072345282175166e-01 -1.525217283001757629e+00 -2.313386246616596420e+00 7.820341348369811385e+02 1.725729233311705524e-01 1.109374935696440843e+03
2.023647597976045098e+00 -5.968152193825502216e-01 -2.317156242785680220e+00 6.916228795361208277e-03 -1.553617862245861847e+00 -2.270625072774858921e+00 7.821869003505257751e+02 -2.024849152682644260e-01 1.109364283041459203e+03
2.238416355758710008e+00 -1.025528640347423831e-01 -2.472232740733307566e+00 -2.502564398429502623e-01 -1.525681655124071723e+00 -2.167964792785731731e+00 7.825419070342993564e+02 -6.007872077836022839e-01 1.109060438565561299e+03
2.389719011760532918e+00 3.723158262921776318e-01 -2.400782118517953645e+00 -4.873694827789336603e-01 -1.444743426477306025e+00 -1.979637646596746903e+00 7.831500866531633847e+02 -8.761982516924555764e-01 1.108674010582355322e+03
2.873749348759759847e+00 -8.888707519423836440e-03 2.435792199371681899e-01 3.833648435676027116e-02 1.552988720125485722e+00 -4.926492404611374498e-01 7.860061537482957874e+02 -1.328153492024024329e+00 1.107727013765816309e+03
2.729928695004137040e+00 -4.728181550306766179e-02 1.761711627294982319e-01 2.763041805930522288e-01 1.519490277358669594e+00 -4.782745120592002408e-01 7.860169769060319140e+02 -1.338683643658160838e+00 1.107700308669329843e+03
2.458478646194429018e+00 -7.241461573249448336e-02 6.895952570413955984e-02 4.363374334886858108e-01 1.466997278214576150e+00 -4.926492404611374498e-01 7.860061537482957874e+02 -1.370272561342824602e+00 1.107618928057391031e+03
2.066962179738880412e+00 -4.949652368948036923e-02 -1.882689256605444769e-02 5.370501391526737445e-01 1.420325384244783606e+00 -4.782745120592002408e-01 7.860169769060319140e+02 -1.391330538737658884e+00 1.107563619932445135e+03
1.659574687938424553e+00 1.695654993821190185e-02 -9.458393344456217378e-02 6.150516500802104547e-01 1.376151734826794426e+00 -4.423368507265452165e-01 7.860426326893635860e+02 -1.422915513146085109e+00 1.107479076274845283e+03
1.314147537044964897e+00 8.812665482647161208e-02 -1.639024666701489608e-01 6.843230383313777532e-01 1.330438016836474890e+00 -4.063980621897204659e-01 7.860662854052782222e+02 -1.465025010361931557e+00 1.107363399546560004e+03
1.084181908539903816e+00 1.466687497100580551e-01 -2.217272702158815112e-01 7.583082700916208285e-01 1.274106785658122520e+00 -3.704582380313121148e-01 7.860879349935017899e+02 -1.511178365959774839e+00 1.107232724732332599e+03
9.704907502777673223e-01 2.438010765873856733e-01 -2.846669867176400692e-01 8.364480671989658056e-01 1.205011232492318785e+00 -2.913874308303627259e-01 7.861285128137926677e+02 -1.573517067324339047e+00 1.107049764140848083e+03
9.357897465169418005e-01 3.495300134248349178e-01 -3.368370296177105039e-01 9.122972659429396947e-01 1.126819426947551106e+00 -2.028549166744792187e-01 7.861624392297364921e+02 -1.635845258737342656e+00 1.106859409260709981e+03
9.569689461811990983e-01 4.587600530651090858e-01 -3.377109932139919501e-01 9.877493469790232794e-01 1.035690106622361162e+00 -9.767190072017896407e-02 7.861869472337197067e+02 -1.671456489147996827e+00 1.106747315646048037e+03
1.016582909444466720e+00 5.485308893440036249e-01 -3.406749381674796795e-01 1.062084934271967596e+00 9.290836095856359611e-01 8.669130585360292074e-03 7.861942851826764809e+02 -1.724781298597895862e+00 1.106574929129872771e+03
1.104349851315691078e+00 6.648718736485269565e-01 -2.480425362035061643e-01 1.134064642109459564e+00 8.036789654376175207e-01 1.560431053978258986e-01 7.861754651607130882e+02 -1.707064074131721343e+00 1.106632808228516751e+03
1.207390906110338280e+00 7.955099118729931362e-01 -2.177914508596874577e-01 1.199668969922746964e+00 6.598805620430385765e-01 3.242142883939073683e-01 7.861128439298018975e+02 -1.751355385830590361e+00 1.106486989997631326e+03
1.314266202575991693e+00 8.401363642194344949e-01 -1.722510044663950746e-01 1.254915631350258520e+00 4.990333440093340789e-01 4.420972624335123835e-01 7.860427970065849195e+02 -1.760212943599996915e+00 1.106457378173554389e+03
-4.977768483774938635e-01 6.426043550708344654e-01 1.316319538598417493e-01 6.226296174189550614e-01 -1.371459421979629445e+00 3.905247621172585615e-01 7.860760942929925932e+02 -1.179466479737913298e+00 1.108081519336628389e+03
-5.839817788422889677e-01 4.849134652589794925e-01 1.856694754815910731e-01 6.839379488641049720e-01 -1.330710188060518551e+00 3.905247621172585615e-01 7.860760942929925932e+02 -1.127415163167118317e+00 1.108195663444095089e+03
-6.589042027506492039e-01 2.996758468090162664e-01 2.755516497554600930e-01 7.473101556457185657e-01 -1.283008293246761911e+00 3.757893737928608702e-01 7.860848501682403366e+02 -1.049328437843579431e+00 1.108357220871580012e+03
-7.241912830724192007e-01 1.790909061063069851e-01 3.387118832241748922e-01 8.122217956833179819e-01 -1.227581234926092835e+00 3.905247621172585615e-01 7.860760942929925932e+02 -9.885866889353407405e-01 1.108474862526888955e+03
-7.868842052890735461e-01 1.105486424530806311e-01 3.776260893765072679e-01 8.794525252511827818e-01 -1.162160673746654327e+00 4.052599831532553432e-01 7.860670016877185162e+02 -9.278386853687730085e-01 1.108585491007117071e+03
-8.436493762061361146e-01 4.936972720548406246e-02 4.059180869640242606e-01 9.455419562288840396e-01 -1.088494994867159615e+00 3.978923939408151589e-01 7.860715900813687540e+02 -8.614430960896805045e-01 1.108698371062383330e+03
-8.805377075171645362e-01 3.253326621293825549e-02 4.139803118540953952e-01 1.005386153564518548e+00 -1.012093288577026406e+00 4.126275289655680356e-01 7.860623291125333481e+02 -8.024193142107419741e-01 1.108791675715782048e+03
-9.010475284381507244e-01 2.830500930197596410e-02 3.721021186277982951e-01 1.060629967420340103e+00 -9.313655675547473090e-01 4.199950305887492075e-01 7.860575723563133579e+02 -7.729056046788143064e-01 1.108835845561133738e+03
-9.044071789931570349e-01 4.937773604538518019e-02 3.177570630820870101e-01 1.109603555939312702e+00 -8.493186696944300396e-01 4.420972624335123835e-01 7.860427970065849195e+02 -7.433907414885259080e-01 1.108878360330191526e+03
-8.959513667560214945e-01 3.856903398221112750e-02 2.792523302321668899e-01 1.153057210375885155e+00 -7.656297867567957161e-01 4.347298981117146965e-01 7.860478063028162978e+02 -7.064956072832272449e-01 1.108929176244035489e+03
-8.733653897005425604e-01 5.475747819364584074e-02 2.553388612957815385e-01 1.189656545085732597e+00 -6.843443295392432901e-01 4.568318482528054836e-01 7.860325258778389070e+02 -6.695988253700323467e-01 1.108977405883682877e+03
-8.377115768661347328e-01 2.556306582275318616e-03 2.424927398541383838e-01 1.219923173019371587e+00 -6.066933186283846036e-01 4.199950305887492075e-01 7.860575723563133579e+02 -6.327004818006007891e-01 1.109023049136651025e+03
-7.860922716722061887e-01 -1.999093178647346272e-02 2.409828747185530917e-01 1.243614359802522662e+00 -5.365152842120807231e-01 4.199950305887492075e-01 7.860575723563133579e+02 -5.928087233445548110e-01 1.109069483622214420e+03
-7.272575243303947001e-01 -2.539692912723763227e-02 2.015924771516755531e-01 1.262784250417184895e+00 -4.709586511237739970e-01 4.199950305887492075e-01 7.860575723563133579e+02 -5.848301742713710727e-01 1.109078407756645447e+03
-6.640087370981430093e-01 -2.246116037320845804e-02 1.650552316821811694e-01 1.277762219791225951e+00 -4.116976272458018338e-01 4.199950305887492075e-01 7.860575723563133579e+02 -5.688728857022178342e-01 1.109095893254962903e+03
-6.088572953537465526e-01 -3.572270961558571267e-02 1.587127682548138963e-01 1.290390969992371684e+00 -3.534298888111507830e-01 4.052599831532553432e-01 7.860670016877185162e+02 -5.369575712305098003e-01 1.109129413143005195e+03
-5.656955139460607684e-01 4.246847931264292018e-03 1.019516912964519573e-01 1.300838686337975281e+00 -2.961394070586714222e-01 4.347298981117146965e-01 7.860478063028162978e+02 -5.529153490354566935e-01 1.109112895052887552e+03
-5.308729741968633009e-01 1.123103877345481066e-03 5.706543371515009760e-02 1.309026859553100497e+00 -2.415015729340782291e-01 4.199950305887492075e-01 7.860575723563133579e+02 -5.529153490354566935e-01 1.109112895052887552e+03
6.357233709058772095e-03 1.199482972680075976e+00 7.386901986737098857e-01 -1.289756798906845692e+00 -3.565976795787331177e-01 1.718378255559863677e+00 7.839016844290327981e+02 -1.162116638103167787e+00 1.108120139700159370e+03
2.630487718234529072e-03 8.205320155105341184e-01 1.045929603492007587e+00 -1.289996628455047478e+00 -3.554031936304377082e-01 1.747363316205757577e+00 7.838235704823684955e+02 -9.712307379108374716e-01 1.108507186325648263e+03
1.138636416825016331e-02 4.607107402761969062e-01 1.317298219371809243e+00 -1.291168247777921163e+00 -3.495059398341677226e-01 1.723209299213903867e+00 7.838887561737650458e+02 -7.064956072832272449e-01 1.108929176244035489e+03
2.284159866265098385e-02 2.017169100537742898e-01 1.539914692414375397e+00 -1.292239463471256622e+00 -3.440208044827594569e-01 1.713547132342521762e+00 7.839145763885625229e+02 -4.252469593394828107e-01 1.109231495376675412e+03
3.366047106027841851e-02 -8.093841715248381585e-02 1.799144907527925330e+00 -1.293353516612149035e+00 -3.382170243055311332e-01 1.612075561838623550e+00 7.841769221809842065e+02 -6.749567354781432771e-02 1.109398888235535651e+03
4.138096326242882150e-02 -2.589648846884691769e-01 1.853530521502213535e+00 -1.294386784493626763e+00 -3.327390471582435949e-01 1.554076895382726642e+00 7.843196453252894571e+02 1.661814362320229443e-01 1.109376991580418235e+03
7.167430579091371712e-02 3.578335540599542619e-01 7.631755798338221153e-01 -1.300631093747319333e+00 -2.973901526044477883e-01 1.283106538311540090e+00 7.849168853923895313e+02 -4.890828605823386299e-01 1.109176065095529339e+03
5.586216253059980708e-02 1.833832176952345516e-01 9.664513401303505002e-01 -1.301439691081532013e+00 -2.924870556667444887e-01 1.268574344426416811e+00 7.849456808547265609e+02 -2.699774307676767182e-01 1.109334003791800114e+03
4.532431992967142498e-02 4.380531669292812846e-02 1.141418313980615551e+00 -1.302115334486570353e+00 -2.883238272286085535e-01 1.246775061592523937e+00 7.849882590544897312e+02 -5.624641696037160910e-02 1.109400209968832087e+03
4.170419850617756996e-02 -7.498439774032289451e-02 1.185563465622075707e+00 -1.303000486443284700e+00 -2.827735408064181444e-01 1.207580298257025841e+00 7.850629520398450722e+02 9.587440947680533898e-02 1.109394486040739821e+03
4.762422238439474598e-02 -2.149238557045347608e-01 1.106944764560083616e+00 -1.304363940281610068e+00 -2.739965229352224751e-01 1.126553787414066976e+00 7.852097790636908030e+02 2.045301688659783013e-01 1.109363492591849308e+03
5.896132763488115547e-02 -4.008097163701002108e-01 1.020646132875877576e+00 -1.305895390242566956e+00 -2.637785083623872540e-01 9.948549790646770141e-01 7.854266286962100594e+02 3.339527758064381180e-01 1.109297314883482386e+03
8.625345764307930374e-02 -6.681933913504984890e-01 9.843957449469954435e-01 -1.308587750732881805e+00 -2.447509245232008523e-01 7.858415824442086528e-01 7.857154150974624827e+02 4.897794645059700414e-01 1.109175417509141425e+03
1.155867420595418360e-01 -8.985976705353948546e-01 1.106213717666370222e+00 -1.311141580492922287e+00 -2.251807672561358664e-01 5.894335570846536143e-01 7.859249342833733181e+02 7.417550327168060953e-01 1.108880668040289265e+03
1.370473769426732435e-01 -1.088376545295337339e+00 1.032986581526960990e+00 -1.313311563238866553e+00 -2.070698622068037620e-01 3.757893737928608702e-01 7.860848501682403366e+02 8.179285924375420125e-01 1.108767800620003527e+03
1.472441016332386443e-01 -1.319853107157175298e+00 8.031061920713578051e-01 -1.315094246770508013e+00 -1.908848238886539095e-01 8.669109383273272684e-02 7.861885168008512892e+02 8.277158279130237828e-01 1.108752498592624534e+03
1.478390669958269399e-01 -1.492706363895115018e+00 4.752599573488663909e-01 -1.316583971556910537e+00 -1.762040731609477162e-01 -1.803159934054007485e-01 7.861691351412548556e+02 7.787783238970941158e-01 1.108827188559855585e+03
-1.757521963503066165e-01 6.450777483194846118e-01 -1.625052186993640735e-01 -1.301212354199601462e+00 -2.938741355548292189e-01 1.035381531785453779e+00 7.853627734651573746e+02 -7.360118505944496237e-01 1.108888730409294112e+03
-1.643016528654489272e-01 8.250321817700964067e-01 -1.134544822875229730e-01 -1.298981545481785460e+00 -3.071408520896551364e-01 1.207580298257025841e+00 7.850629520398450722e+02 -7.286328910385021507e-01 1.108898997041182838e+03
-1.521107258707075638e-01 8.862269408978956653e-01 -6.945838055213070239e-02 -1.296444655699175552e+00 -3.215375349441101371e-01 1.326699878751882666e+00 7.848285311583243811e+02 -7.286328910385021507e-01 1.108898997041182838e+03
-1.405715437967019199e-01 8.684171838949565903e-01 2.299389986268116082e-02 -1.293949699881224102e+00 -3.350677608318959333e-01 1.433213509254953388e+00 7.846001884269885522e+02 -6.843577303530352651e-01 1.108958424388061530e+03
-1.208137232961512125e-01 7.453739531810784635e-01 1.912963844601676400e-01 -1.292500428724723704e+00 -3.426705406270072474e-01 1.481564036569939180e+00 7.844906953458000771e+02 -5.848301742713710727e-01 1.109078407756645447e+03
-9.776858150252401569e-02 5.780726645174416589e-01 4.271292614266976040e-01 -1.291432894507562379e+00 -3.481592813220759086e-01 1.510571074559743598e+00 7.844232559601323373e+02 -4.332266184068897519e-01 1.109224989873478535e+03
1.679261001025103284e-01 -1.099226550110599249e-01 9.993258306544285929e-01 4.350465135965964070e-01 -1.467524207381191381e+00 1.065774248050645800e+00 7.853132091270106230e+02 -4.499714818900846930e-02 1.109401291387374158e+03
2.398842246866686179e-01 -1.259683914714661845e-01 9.456462860976169171e-01 3.993598576114678611e-01 -1.481404539914804142e+00 1.055643556099036262e+00 7.853298898916615371e+02 4.474148286715453476e-02 1.109401313172152186e+03
3.159284250179957287e-01 -1.594777861137581243e-01 8.234124265953711719e-01 3.561113247391617387e-01 -1.496486616650218204e+00 1.015118667293113841e+00 7.853950197420624590e+02 1.150491586220035306e-01 1.109390645785474590e+03
-2.234937161565692110e-01 -1.331738684269293094e+00 5.417628100457282381e-01 7.034986569508154194e-03 1.553617129285182141e+00 -5.213980888048628248e-01 7.859835460094558357e+02 1.419967684526656448e+00 1.107487047309533182e+03
-3.120969377422141422e-01 -1.639164570932042153e+00 3.115440071521530241e-01 -5.766961250727491856e-02 1.552167048601543531e+00 -9.102033240976591388e-01 7.855517702829710061e+02 1.419967684526656448e+00 1.107487047309533182e+03
-4.784773402753872973e-01 -1.670039033780921445e+00 1.510380867056467825e-02 -1.491327336655234315e-01 1.543768771230682013e+00 -1.093421488564897848e+00 7.852668738391754459e+02 1.319597557539861965e+00 1.107748556368592062e+03
-6.947873532103904237e-01 -1.588096730058701667e+00 -2.993867570604447081e-01 -2.638096249065026155e-01 1.522539739766643807e+00 -1.284414409553171765e+00 7.849142777130504101e+02 1.181364081870399430e+00 1.108077260513094188e+03
-9.269598088418533610e-01 -1.339472727300137667e+00 -6.361188017897466684e-01 -3.942962634783273579e-01 1.483267893301115414e+00 -1.370724087622095633e+00 7.847362974521287242e+02 9.842920237574516173e-01 1.108482914323863724e+03
-1.078028293665638238e+00 -1.021105182434691949e+00 -1.009460781020873332e+00 -5.031282093439380931e-01 1.437298593422325466e+00 -1.418161363954646648e+00 7.846335305488881886e+02 7.155832350199494707e-01 1.108916900061385149e+03
-1.131906572907965147e+00 -7.184775290445188922e-01 -1.285762846833320205e+00 -5.945988563755371104e-01 1.388453293430955471e+00 -1.450027833346438699e+00 7.845625249355371125e+02 4.733775017170152033e-01 1.109190420583561490e+03
-1.119218152333008920e+00 -4.328826533172711044e-01 -1.447404958373160300e+00 -6.767343852947320659e-01 1.335763130944236377e+00 -1.442061486864235409e+00 7.845804242554266921e+02 2.437305626242508572e-01 1.109346807021158384e+03
-1.069221384605778757e+00 -1.717206722394643559e-01 -1.460364227825655004e+00 -7.508657105278531141e-01 1.280151523872078423e+00 -1.402227055808739964e+00 7.846684416671386089e+02 6.391636610341072666e-02 1.109399334854222161e+03
-9.952550783189035855e-01 4.524297027271861199e-02 -1.524491118513760624e+00 -8.147704151315182663e-01 1.225257416615244788e+00 -1.347187035199223670e+00 7.847859850482434467e+02 -2.024849152682644260e-01 1.109364283041459203e+03
-8.901154130637494166e-01 3.007765987447560962e-01 -1.516825678388851406e+00 -8.627605267469217187e-01 1.179233903159810692e+00 -1.213783257689175166e+00 7.850512905017445746e+02 -4.092875029802383047e-01 1.109244143562714726e+03
-7.714288429519976509e-01 5.710657250308236454e-01 -1.427652029107806309e+00 -9.012291157552582144e-01 1.138996836585266070e+00 -1.041080311753826093e+00 7.853535893732243949e+02 -5.768515614339552178e-01 1.109087210967881447e+03
-9.696153198704524634e-01 -6.103790424043943341e-01 2.695131429482920948e-01 -1.304328634496242589e+00 -2.742274588256453094e-01 -3.345174698365427912e-01 7.861075813988647951e+02 6.457877523436268419e-01 1.109007156392221532e+03
-9.117070163110062575e-01 -7.276159410506545244e-01 2.697601171397014941e-01 -1.288888251998101087e+00 -3.608886144179978550e-01 -4.926492404611374498e-01 7.860061537482957874e+02 6.981349014500829453e-01 1.108940331758150478e+03
-8.154895171528941944e-01 -7.786691942562551372e-01 1.204664879786986748e-01 -1.275041170502807075e+00 -4.231352278727980032e-01 -6.090766263896056909e-01 7.859066754424284227e+02 6.283380168461268900e-01 1.109028274412776454e+03
-6.573359510427897456e-01 -9.460879259306199662e-01 5.623814053908403332e-02 -1.268374517294290849e+00 -4.498349347664403752e-01 -8.447530007456001133e-01 7.856408906186564991e+02 6.457877523436268419e-01 1.109007156392221532e+03
-4.496825600241515231e-01 -9.753031172745785238e-01 1.759099393658943716e-02 -1.269186070555219370e+00 -4.466773290712005018e-01 -9.625580640883614203e-01 7.854756881246433977e+02 6.457877523436268419e-01 1.109007156392221532e+03
2.072647445292599144e+00 4.252989236397613504e-01 -7.827757348799262438e-01 -6.863292667079150533e-01 1.329016684108414781e+00 -1.008364195264531693e+00 7.854056268750285881e+02 -6.247222645969948696e-01 1.109032577872198317e+03
2.076218117203616487e+00 4.619570208547401635e-01 -5.742656316856606935e-01 -5.092049817497729114e-01 1.434353864968091585e+00 -9.363813279553034885e-01 7.855142609400302263e+02 -6.474600011196618432e-01 1.109005102208813241e+03
2.066452976572223488e+00 5.320481947673552092e-01 -4.080999302788250183e-01 -3.221046009423893519e-01 1.507042185932323752e+00 -8.211891055957524221e-01 7.856713466029730171e+02 -6.769783094388771572e-01 1.108967966863174979e+03
2.055088347713320385e+00 6.358269640506978293e-01 -3.038652736468497872e-01 -1.269219873205967020e-01 1.546496136493761497e+00 -6.797877279633575132e-01 7.858359881218235614e+02 -7.138747686945046134e-01 1.108919219959496786e+03
2.059773544670745693e+00 7.019203522398765882e-01 -2.272917902345190089e-01 7.792341695040082283e-02 1.550950508493124547e+00 -5.619325092913954878e-01 7.859494911507446204e+02 -7.360118505944496237e-01 1.108888730409294112e+03
2.056646385494802498e+00 6.661885851796743863e-01 -1.582405291160026706e-01 2.745772832405700692e-01 1.519920522490233683e+00 -4.998365297035048394e-01 7.860006219906579190e+02 -7.433907414885259080e-01 1.108878360330191526e+03
2.013318317183511841e+00 6.168426287369308536e-01 -1.363580542289235531e-01 4.483255956440271861e-01 1.462020030765966094e+00 -4.207737070077269825e-01 7.860570646909742436e+02 -7.729056046788143064e-01 1.108835845561133738e+03
1.896559601107960846e+00 5.439177074263449319e-01 -1.090567138060898195e-01 5.860468009600614536e-01 1.393442481893791607e+00 -3.632701569844956069e-01 7.860920245308788026e+02 -7.802841419381140176e-01 1.108824958260665426e+03
1.745002492462913279e+00 4.107583780183340361e-01 -7.513934204869318623e-02 7.051458878246161799e-01 1.315406411031191602e+00 -3.560820389089115467e-01 7.860960339405082777e+02 -7.802841419381140176e-01 1.108824958260665426e+03
1.549481368758860667e+00 2.888617919305533910e-01 -4.539731739802499444e-02 7.939740187429580320e-01 1.243883006603546004e+00 -3.417056946022316577e-01 7.861038123748976432e+02 -7.802841419381140176e-01 1.108824958260665426e+03
1.353372129159365223e+00 2.154008940580779408e-01 -4.340067503459844184e-02 8.696195376304800551e-01 1.172287878072407086e+00 -3.129525938825893916e-01 7.861184076932703420e+02 -7.950409973924045248e-01 1.108802873336959237e+03
1.204622053251446889e+00 1.961094365455461064e-01 -4.358159060094143888e-02 9.430339227229458388e-01 1.091481729239956344e+00 -2.698220004634372393e-01 7.861378967511617475e+02 -8.024193142107419741e-01 1.108791675715782048e+03
1.108243654857530291e+00 2.053148048833484951e-01 -5.458152469903893717e-02 1.011567712154521015e+00 1.003590679797964125e+00 -2.253936366836966354e-01 7.861549555864177137e+02 -8.171757225882185782e-01 1.108768970160002254e+03
1.060357067082351001e+00 2.547247694000014384e-01 -6.788636156792407506e-02 1.075992597002059847e+00 9.068193341750538927e-01 -1.577768894603766847e-01 7.861750433142634620e+02 -8.319318260314033653e-01 1.108745850860065502e+03
1.055929493138571207e+00 3.791562263962439117e-01 -2.974318226839131954e-02 1.136926256404930502e+00 7.981019214845679333e-01 -3.756621603810555293e-02 7.861932493330491525e+02 -8.097975561721163507e-01 1.108780374656445019e+03
1.082804187684427211e+00 5.261695596631303928e-01 -1.748008692806403072e-02 1.192399692344118245e+00 6.777499391937563678e-01 9.536015374451525806e-02 7.861872932065201667e+02 -8.171757225882185782e-01 1.108768970160002254e+03
1.129101384144141740e+00 6.600092057226112363e-01 -2.859136874276262119e-02 1.240599292709439139e+00 5.460261940220225707e-01 2.340623162464306739e-01 7.861518675125547588e+02 -8.319318260314033653e-01 1.108745850860065502e+03
1.178561812894636684e+00 8.125200657559040751e-01 -5.721895889167979282e-02 1.278799224432305426e+00 4.072475990436594806e-01 4.126275289655680356e-01 7.860623291125333481e+02 -8.540653973993113102e-01 1.108710396158779758e+03
1.222257324787082711e+00 8.533234961728057844e-01 -6.748115692276858424e-02 1.305980096087010045e+00 2.632014065121256463e-01 5.231349716229954927e-01 7.859821390622731769e+02 -8.614430960896805045e-01 1.108698371062383330e+03
1.256499367501956232e+00 9.087026783506213512e-01 -7.782524270713614412e-02 1.321454563781861324e+00 1.156966919158659290e-01 6.876441156408031885e-01 7.858276552033223652e+02 -8.761982516924555764e-01 1.108674010582355322e+03
1.283802412251348724e+00 9.875265597339509815e-01 -4.632913757607080851e-02 1.324794943661361302e+00 -3.514051326470173792e-02 8.742065639396158216e-01 7.856016090853765945e+02 -8.614430960896805045e-01 1.108698371062383330e+03
1.272985660552189202e+00 1.053474371061348558e+00 6.591170189983185101e-02 1.317245472203594225e+00 -1.692717150542556726e-01 1.055643556099036262e+00 7.853298898916615371e+02 -7.950409973924045248e-01 1.108802873336959237e+03
1.066308791378841381e+00 1.009604374165984142e+00 2.388503638380515270e-01 1.313874575233938691e+00 -2.021006812205794201e-01 1.167068936912853294e+00 7.851376397793133037e+02 -6.917370874240876821e-01 1.108948778459232244e+03
8.613413422898466010e-01 7.837290800995631024e-01 4.926556140837609621e-01 1.306752291090067963e+00 -2.578791261114857236e-01 1.167068936912853294e+00 7.851376397793133037e+02 -5.209995592469049974e-01 1.109145447518111268e+03
7.277086890934402197e-01 5.537713444175932365e-01 7.910637540955552938e-01 1.295107590279536147e+00 -3.288609523352345465e-01 1.187325099322973365e+00 7.851006144515076812e+02 -3.037229319099618019e-01 1.109315620096051134e+03
6.736953959845513040e-01 3.167100889691850107e-01 1.057331016892727682e+00 1.277924252208381573e+00 -4.110057215531837671e-01 1.167068936912853294e+00 7.851376397793133037e+02 -7.874491551455835292e-02 1.109397326187770886e+03
6.861324481556073662e-01 8.588319688450729572e-02 1.178946155043854027e+00 1.253640230961912794e+00 -5.034205356394709785e-01 1.116424423550915312e+00 7.852274156610554883e+02 8.948281242335157093e-02 1.109395610964838397e+03
7.560090959170330249e-01 -1.212096053698398096e-01 1.206785325448164192e+00 1.218613821505283079e+00 -6.102997542256701768e-01 1.045512649992229814e+00 7.853464113388275791e+02 2.519327412517963771e-01 1.109342946553196271e+03
8.708203176843286597e-01 -3.283672714423347960e-01 1.235662832058410210e+00 1.169222312225423721e+00 -7.311539702681810748e-01 9.340591363993472340e-01 7.855176313681978399e+02 4.487741509972066889e-01 1.109211967087954918e+03
1.002024115467450516e+00 -4.387455148285176465e-01 1.425235905226462485e+00 1.105657967230822658e+00 -8.563626738113908621e-01 8.643888734859900280e-01 7.856148525006126420e+02 7.689904331359490586e-01 1.108841580490216529e+03
1.153826632766869587e+00 -7.615364425794183267e-01 1.542035785232145351e+00 1.020154445246665542e+00 -9.915709451104136596e-01 5.820672895651270995e-01 7.859316270445469854e+02 1.013645653816540593e+00 1.108427180837313244e+03
1.299866833581147185e+00 -1.075782750443994518e+00 1.420731301332004204e+00 9.169555390220803792e-01 -1.121609878023720031e+00 3.242142883939073683e-01 7.861128439298018975e+02 1.122109038606377007e+00 1.108207009371103595e+03
1.424950256682681271e+00 -1.340430991913195369e+00 1.104363527327247407e+00 7.974250649284767567e-01 -1.240844698887004993e+00 5.201473853801469316e-02 7.861922458541564538e+02 1.141861488377990286e+00 1.108164501464708337e+03
1.525750482635136018e+00 -1.565776083936243790e+00 7.174477479514821399e-01 6.624960329692313188e-01 -1.345538878782054359e+00 -2.479321308493390441e-01 7.861466842187971906e+02 1.122109038606377007e+00 1.108207009371103595e+03
1.629731241122402308e+00 -1.684635471997277367e+00 3.536220042914035577e-01 5.027226604254555475e-01 -1.437493645716864776e+00 -5.142109546079730586e-01 7.859893181206618920e+02 1.082601899116400146e+00 1.108289799902812547e+03
1.823943359518098273e+00 -1.863523146207830772e+00 -3.132092229053157900e-02 2.829341003391277476e-01 -1.517812254799232985e+00 -8.800970984418509113e-01 7.855935912436931403e+02 9.647221264711132171e-01 1.108519160147984621e+03
2.081052779896582106e+00 -1.807680657729389351e+00 -3.718382939453169778e-01 2.386495267671414483e-02 -1.553387048837550966e+00 -1.073794225943519365e+00 7.852998905357128478e+02 8.277158279130237828e-01 1.108752498592624534e+03
2.149290858164217610e+00 -1.584430115292501773e+00 -6.606329627274782901e-01 -1.597426212182257721e-01 -1.542309056979313642e+00 -1.205934599696998788e+00 7.850660358887237180e+02 6.632371510109317247e-01 1.108985459935337758e+03
2.246518760663350545e+00 -1.236169880283487288e+00 -9.576301341839958958e-01 -3.962718579157383236e-01 -1.482544000639302251e+00 -1.260872066359796095e+00 7.849608094650820931e+02 4.323716571793443375e-01 1.109225692676408926e+03
2.325635907536678815e+00 -8.251517254474826091e-01 -1.201565915585625755e+00 -6.152289228989660241e-01 -1.376042804734477265e+00 -1.253024310086862103e+00 7.849761287614137473e+02 1.981387465770003409e-01 1.109365936370203826e+03
2.347955759950224763e+00 -4.618850547011811858e-01 -1.281381642340627458e+00 -8.021070820813751556e-01 -1.236689546161936049e+00 -1.237328340465603027e+00 7.850064804113413857e+02 3.195821098738704791e-02 1.109402244145702525e+03
1.242364384513299225e+00 -1.086238670392827704e-01 1.334001384580915550e+00 7.189502215218715464e-02 1.551350696138515728e+00 1.075904723791878403e+00 7.852963690482590664e+02 2.519327412517963771e-01 1.109342946553196271e+03
1.109193567630649691e+00 -2.191511797151424468e-01 1.237601089497281315e+00 1.483885780285275069e-01 1.543867339340511791e+00 1.025250203533978777e+00 7.853789762673312680e+02 3.913645677173988591e-01 1.109257770984537729e+03
9.288934366810802645e-01 -2.470736450791934380e-01 1.261802346869033586e+00 1.972438706542098130e-01 1.536331562146716845e+00 1.004986925118215746e+00 7.854109038860962073e+02 6.283380168461268900e-01 1.109028274412776454e+03
7.309225960624307072e-01 -3.778661943798203304e-01 1.334082958751951820e+00 2.295482724930301144e-01 1.530151137940290118e+00 8.742065639396158216e-01 7.856016090853765945e+02 8.668633949764708024e-01 1.108689470388804466e+03
5.312154084902405149e-01 -6.357629957577791702e-01 1.394518517889956843e+00 2.454145722102171190e-01 1.526762440348878203e+00 6.581822376371702088e-01 7.858584099248244002e+02 1.092478959850556874e+00 1.108269380438737244e+03
3.371930068504455091e-01 -8.847539768524118609e-01 1.293297556540983440e+00 2.451051542507675929e-01 1.526830764068004331e+00 4.494645794102026248e-01 7.860377035314106706e+02 1.210988957141577504e+00 1.108009882918117682e+03
1.421249680950258665e-01 -1.109952567987187555e+00 1.104741041037250238e+00 2.245476580724372062e-01 1.531170768078090161e+00 2.167249237121473826e-01 7.861579271330089114e+02 1.299852462145898002e+00 1.107797738694473537e+03
-3.683461866573009558e-02 -1.316523936954879570e+00 8.515227836108788528e-01 1.928855673157086614e-01 1.537092036265736095e+00 -4.507945004454099597e-02 7.861927679220896152e+02 1.339341769693731754e+00 1.107698632598522636e+03
-2.085900599279469081e-01 -1.415422124514558844e+00 5.697986135108380479e-01 1.439527794731962351e-01 1.544444533074078363e+00 -2.626334676906152410e-01 7.861408644658548610e+02 1.339341769693731754e+00 1.107698632598522636e+03
-3.842595136011722756e-01 -1.446133121515043030e+00 3.206041870986460762e-01 7.479402810146137948e-02 1.551162281830143597e+00 -4.782745120592002408e-01 7.860169769060319140e+02 1.329469774847779062e+00 1.107723687162003898e+03
-5.817518632728994055e-01 -1.515240346479338696e+00 9.638887813518047520e-02 -2.130000122717767147e-02 1.553438304820170757e+00 -7.504921203066755586e-01 7.857575449172709341e+02 1.289979587363824232e+00 1.107822051805537058e+03
-7.748768941621868578e-01 -1.576364896309446761e+00 -5.792653785652119441e-02 -1.300514503046504289e-01 1.546138690778967817e+00 -1.014907591424459188e+00 7.853953522868588379e+02 1.260359674501840610e+00 1.107893878882492800e+03
-9.548888295307921270e-01 -1.546812161173651834e+00 -2.176034991397296225e-01 -2.511859265538564645e-01 1.525471673707820219e+00 -1.221631767785542833e+00 7.850364494586468709e+02 1.181364081870399430e+00 1.108077260513094188e+03
-1.059738998297880208e+00 -1.451255014028343115e+00 -4.266006143488363378e-01 -3.552517824749139574e-01 1.496767415731057760e+00 -1.402227055808739964e+00 7.846684416671386089e+02 1.043091861175336810e+00 1.108369623209194515e+03
-1.059338238535712184e+00 -1.247452252817746743e+00 -7.041067544457024763e-01 -4.337303904485489414e-01 1.468059622945296683e+00 -1.505787099769110293e+00 7.844344688195809567e+02 8.375029275112886307e-01 1.108737014553258405e+03
-9.856012305446646415e-01 -9.570187688899152167e-01 -9.934965145978044143e-01 -4.977884247776701576e-01 1.439852116076000055e+00 -1.545609489617647325e+00 7.843400423836286564e+02 6.021628019527062170e-01 1.109058866851479252e+03
-8.760831109288039764e-01 -6.896918688665921726e-01 -1.195343072432142328e+00 -5.518982873619813212e-01 1.412479468648356162e+00 -1.585427022991129586e+00 7.842431514649749715e+02 3.913645677173988591e-01 1.109257770984537729e+03
-7.524334599325486206e-01 -4.456080763844732506e-01 -1.312311801782459986e+00 -5.957955881387270169e-01 1.387747922670012235e+00 -1.593389935878772645e+00 7.842234775699747615e+02 1.853558608781543104e-01 1.109370591191081303e+03
-6.308171081669483593e-01 -1.889915635693212026e-01 -1.333024928684854338e+00 -6.316309853510868599e-01 1.365789688351781495e+00 -1.545609489617647325e+00 7.843400423836286564e+02 6.391643985361805842e-03 1.109403175119513435e+03
-5.222872662470231520e-01 2.020437165800808427e-02 -1.485428634903624534e+00 -6.616355091354784168e-01 1.346120787108732619e+00 -1.497822050033249752e+00 7.844530583426014800e+02 -3.037229319099618019e-01 1.109315620096051134e+03
-4.117821425858900208e-01 1.974865000148965377e-01 -1.547890913102412780e+00 -6.790788639086999812e-01 1.334126564983943775e+00 -1.426128251167058991e+00 7.846159270643332775e+02 -5.289785940760651783e-01 1.109137490795376607e+03
-3.003784132983563504e-01 3.750651041135815711e-01 -1.545038233704601804e+00 -6.871383683963130373e-01 1.328441859008778092e+00 -1.315802004987866702e+00 7.848508964341385763e+02 -7.433907414885259080e-01 1.108878360330191526e+03
-1.734826705259067126e-01 5.156578913889875437e-01 -1.435179574250334600e+00 -6.797283040772029716e-01 1.333671865305411597e+00 -1.205934599696998788e+00 7.850660358887237180e+02 -8.983303703280541841e-01 1.108636694161342120e+03
-3.614784997967887548e-02 6.491478169041151602e-01 -1.332555158567700904e+00 -6.599792808979200176e-01 1.347237937285657328e+00 -1.067251622611359752e+00 7.853107632046696835e+02 -1.075358606018372631e+00 1.108304656311851431e+03
1.093272451861401068e-01 7.675138536752946772e-01 -1.285293447575952097e+00 -6.267000273903799989e-01 1.368908559779856926e+00 -9.167479419730872880e-01 7.855424926505794474e+02 -1.275498981025712242e+00 1.107857375714161662e+03
2.633256693607289867e-01 1.074355637774689010e+00 -1.171719725529700051e+00 -5.779964635987203669e-01 1.398056999796066791e+00 -5.972908395098633916e-01 7.859177025681499345e+02 -1.401859131102805911e+00 1.107535649570610985e+03
4.297586045392337017e-01 1.305361328955723987e+00 -1.018553189672001036e+00 -5.106174516774923955e-01 1.433663461944752582e+00 -3.488938845372560604e-01 7.860999632219813975e+02 -1.502272003515882304e+00 1.107258258272413968e+03
6.080289355913837124e-01 1.372838160661067342e+00 -8.888795195921398440e-01 -4.233349027675528675e-01 1.472224959466225114e+00 -1.652899427897460694e-01 7.861731614501433114e+02 -1.609134490339594326e+00 1.106941895266308165e+03
8.201182701616347437e-01 1.491106376308014569e+00 -6.516023967798507677e-01 -3.037724835456245831e-01 1.512265846420386417e+00 1.213672435318548237e-01 7.861829232319482799e+02 -1.609134490339594326e+00 1.106941895266308165e+03
1.067025809625987698e+00 1.631620180177105972e+00 -4.056536083787800062e-01 -1.513112934211810201e-01 1.543477335709784404e+00 4.273624872337962732e-01 7.860527314195682038e+02 -1.600230460567431123e+00 1.106969088828027225e+03
1.319115560322187575e+00 1.731670567032226327e+00 -2.906499444707346114e-01 2.279399853314164823e-02 1.553409158075094387e+00 7.171048153849881590e-01 7.857955539875536033e+02 -1.653651324766990838e+00 1.106803664194140765e+03
1.564862904711385783e+00 1.686613105428005799e+00 -1.103607238107075089e-01 2.168049251417976109e-01 1.532703935686680063e+00 9.239258207498383113e-01 7.855322407533620890e+02 -1.600230460567431123e+00 1.106969088828027225e+03
1.787480776610567368e+00 1.702630064858260406e+00 8.446488164508306196e-02 4.196856624411633985e-01 1.473660466969077376e+00 1.217707531284105471e+00 7.850438819370978081e+02 -1.528990471659275041e+00 1.107181204869055136e+03
1.965161020479546883e+00 1.463501591094813703e+00 4.343289859567665556e-01 6.165624374644416150e-01 1.375222107080585898e+00 1.297638196042219638e+00 7.848877619474076255e+02 -1.317623087528212666e+00 1.107753507966715688e+03
2.074600104435368575e+00 1.118656578629840581e+00 7.373979410863129580e-01 7.924922499646939178e-01 1.245181249210543850e+00 1.341229891587252254e+00 7.847984238389728944e+02 -1.136090753059080249e+00 1.108176997137131366e+03
2.113537870832732590e+00 6.773384363482092274e-01 1.024197777779555230e+00 9.424990391254185473e-01 1.092116623404140396e+00 1.290372434575699945e+00 7.849023646669717209e+02 -9.057075765153823621e-01 1.108624048505377232e+03
2.095074619450883358e+00 3.520369012638431827e-01 1.173325916923463552e+00 1.065754476468622203e+00 9.232892825739160703e-01 1.290372434575699945e+00 7.849023646669717209e+02 -7.286328910385021507e-01 1.108898997041182838e+03
2.072851420305680925e+00 1.141785412584307297e-01 1.285580399229547588e+00 1.170932944223141536e+00 7.273811592392366299e-01 1.268574344426416811e+00 7.849456808547265609e+02 -5.130204676129861419e-01 1.109153283310341749e+03
2.075601102618652050e+00 -1.905758511792575785e-02 1.365809066409088945e+00 1.253544256162125725e+00 5.037489496161123848e-01 1.261308048323546149e+00 7.849599555886378539e+02 -2.924744940718919106e-01 1.109321988292886999e+03
2.093063977214304039e+00 -9.966803699026859087e-02 1.482554359952178658e+00 1.305697954271104910e+00 2.651186210171131985e-01 1.239508372482548859e+00 7.850022877834737756e+02 -2.249858384164818773e-02 1.109402733279310269e+03
2.126454202431239615e+00 -1.415202256858336949e-01 1.412452833536690600e+00 1.325091671976736940e+00 1.240974781126168158e-02 1.217707531284105471e+00 7.850438819370978081e+02 1.150491586220035306e-01 1.109390645785474590e+03
2.120998397450938100e+00 -1.827223559450750490e-01 1.288077098987866709e+00 1.311866185108829796e+00 -2.193028207850099276e-01 1.177197137525114456e+00 7.851192067527825884e+02 2.601348908638176916e-01 1.109338958320311576e+03
1.825980264327140112e+00 -2.414942526815176127e-01 1.169792358817253186e+00 1.300560884007398554e+00 -2.978119326313314330e-01 1.116424423550915312e+00 7.852274156610554883e+02 4.077675453365973146e-01 1.109245322921569823e+03
1.506134127717922766e+00 -2.166867030344525602e-01 1.188354180018257988e+00 1.281509063854371799e+00 -3.953650253585457297e-01 1.116424423550915312e+00 7.852274156610554883e+02 6.370629261298157431e-01 1.109017787707735579e+03
1.243417755866532470e+00 -3.458617812645220502e-01 1.142950849324788409e+00 1.256852714014184080e+00 -4.922865945954064126e-01 9.745904835434734403e-01 7.854576003019507198e+02 7.787783238970941158e-01 1.108827188559855585e+03
1.064437051190387340e+00 -6.634963417755807003e-01 1.007681889885991611e+00 1.225848547175346859e+00 -5.900472232715622267e-01 7.171048153849881590e-01 7.857955539875536033e+02 8.668633949764708024e-01 1.108689470388804466e+03
9.951660136774271859e-01 -9.606629043003702684e-01 8.622847664021383585e-01 1.181327709058213715e+00 -7.038980040676746652e-01 4.863004265028944562e-01 7.860109734908024848e+02 9.549369394726900939e-01 1.108537010101000988e+03
1.024339630059556860e+00 -1.148431992034624427e+00 6.502016695957177905e-01 1.119590961942323215e+00 -8.311064792607477658e-01 2.860736200831851539e-01 7.861308920235088635e+02 9.745071551014680145e-01 1.108501128221285398e+03
1.110430210090618708e+00 -1.329060791229759397e+00 4.271816213565736708e-01 1.041669818503726530e+00 -9.603300528723190954e-01 2.600738661617624931e-02 7.861938190502878570e+02 9.745071551014680145e-01 1.108501128221285398e+03
1.219033259528773172e+00 -1.399869054602797869e+00 2.321723755626305119e-01 9.475807688824952058e-01 -1.086055121131751067e+00 -1.803159934054007485e-01 7.861691351412548556e+02 9.647221264711132171e-01 1.108519160147984621e+03
1.310397266464935928e+00 -1.379510779910745555e+00 4.948672663584038206e-02 8.441329795434215910e-01 -1.197622132224307689e+00 -3.632701569844956069e-01 7.860920245308788026e+02 9.255804443324292530e-01 1.108589468088802505e+03
1.381646640769695900e+00 -1.264726761489778584e+00 -1.827542575203222608e-01 7.288386181048843726e-01 -1.297532856166568216e+00 -4.998365297035048394e-01 7.860006219906579190e+02 8.179285924375420125e-01 1.108767800620003527e+03
1.437748309835467975e+00 -1.220579690648570192e+00 -4.045294993373526604e-01 6.016398956752214700e-01 -1.384277609707061485e+00 -7.033566386763747680e-01 7.858107021151985236e+02 6.981349014500829453e-01 1.108940331758150478e+03
1.525908688517059186e+00 -1.104162039749759794e+00 -6.029825983882728391e-01 4.447257102947647089e-01 -1.463530591342228515e+00 -8.211891055957524221e-01 7.856713466029730171e+02 5.585358885854921906e-01 1.109106961915935926e+03
1.670326545507598626e+00 -9.352947587580745514e-01 -7.879312095682778905e-01 2.520977765140785531e-01 -1.525264891947721191e+00 -9.036586292045120095e-01 7.855609814451538568e+02 3.913645677173988591e-01 1.109257770984537729e+03
1.812528282089589826e+00 -6.413679406322602139e-01 -9.814515783443010788e-01 5.198167913679202501e-02 -1.552443196568267014e+00 -8.800970984418509113e-01 7.855935912436931403e+02 1.853558608781543104e-01 1.109370591191081303e+03
1.793656959929264438e+00 -3.397624163945707765e-01 -1.076604966701474542e+00 -8.737322160376842506e-02 -1.550258141190120842e+00 -8.447530007456001133e-01 7.856408906186564991e+02 2.556657147173571273e-02 1.109402593260851063e+03
1.799882610398790383e+00 -3.570263072710955221e-02 -1.278320461855629864e+00 -2.673938775720786087e-01 -1.521680005509167044e+00 -7.622754844114735251e-01 7.857437170588144681e+02 -2.587288101747725055e-01 1.109339651091274845e+03
1.794033058742840359e+00 3.139756277161868114e-01 -1.357263845336628361e+00 -4.327976824634389708e-01 -1.468437960426517419e+00 -5.972908395098633916e-01 7.859177025681499345e+02 -4.491857939671482502e-01 1.109211616050276461e+03
1.744480625553844755e+00 6.166710060495343981e-01 -1.305171386716358128e+00 -5.739583687973641712e-01 -1.400341982995451762e+00 -4.279614654477525981e-01 7.860523341473091250e+02 -5.928087233445548110e-01 1.109069483622214420e+03
1.630639495448812371e+00 8.228286079795339436e-01 -1.128460790720001050e+00 -6.848497435415279444e-01 -1.330065416938433609e+00 -2.698220004634372393e-01 7.861378967511617475e+02 -6.769783094388771572e-01 1.108967966863174979e+03
1.501167339852212512e+00 1.042022616071641927e+00 -8.420063669427416686e-01 -7.849984484943961505e-01 -1.251689340565981690e+00 -3.756621603810555293e-02 7.861932493330491525e+02 -6.917370874240876821e-01 1.108948778459232244e+03
1.358805167226728061e+00 1.239025952978473288e+00 -5.780280158836881288e-01 -8.669061896632150876e-01 -1.175047136142269411e+00 2.080561786166963134e-01 7.861607821518878154e+02 -7.138747686945046134e-01 1.108919219959496786e+03
1.229505688739729763e+00 1.342542976396187360e+00 -3.578764830291108479e-01 -9.398012439471146173e-01 -1.095307760897233917e+00 4.199950305887492075e-01 7.860575723563133579e+02 -7.212538635090596228e-01 1.108909160224899779e+03
1.124744486194326321e+00 1.343009428429007945e+00 -1.616821689379179805e-01 -1.005048460595686199e+00 -1.012554227338159363e+00 5.992551487819903766e-01 7.859158796765457282e+02 -6.991163799636208598e-01 1.108939029077586838e+03
1.008925255639658181e+00 1.360431992270867418e+00 4.373309533835165880e-02 -1.052743902665062459e+00 -9.435843430803446674e-01 8.251164846890538529e-01 7.856663304369857315e+02 -6.327004818006007891e-01 1.109023049136651025e+03
8.885513377493371445e-01 1.282368091718796066e+00 2.825584778719612555e-01 -1.090649627605146277e+00 -8.824218528347576029e-01 9.745904835434734403e-01 7.854576003019507198e+02 -5.130204676129861419e-01 1.109153283310341749e+03
7.516293426287934398e-01 1.064963203321991791e+00 5.293981671554793822e-01 -1.116001585994262246e+00 -8.377161845602711931e-01 1.035381531785453779e+00 7.853627734651573746e+02 -3.614080907498318229e-01 1.109279185509537001e+03
6.000465521057322116e-01 7.150479703874327297e-01 7.841703222697611331e-01 -1.131254390215597816e+00 -8.091049570929857992e-01 1.004986925118215746e+00 7.854109038860962073e+02 -1.687380324912497176e-01 1.109376178536338557e+03
4.399290283535554624e-01 3.153344689562104786e-01 9.835419460831009708e-01 -1.137901847507157838e+00 -7.961884161129124671e-01 9.239258207498383113e-01 7.855322407533620890e+02 1.917493016820107088e-02 1.109402864794880770e+03
2.771605845424718328e-01 3.014722554914154792e-02 1.011903097187634826e+00 -1.136716575268986285e+00 -7.985123733874994745e-01 8.840240879566506615e-01 7.855882161026835320e+02 1.278322852364997819e-01 1.109387697713731995e+03
1.275258954109415033e-01 -1.728111460508850450e-01 9.941290712292878418e-01 -1.130803133375951841e+00 -8.099716011063833321e-01 8.251164846890538529e-01 7.856663304369857315e+02 2.601348908638176916e-01 1.109338958320311576e+03
-6.232841109583127327e-04 -3.885890801914292370e-01 9.701503388940788675e-01 -1.121074413325549690e+00 -8.283531108612299798e-01 6.974644822994680027e-01 7.858171044058714187e+02 3.995660795363520923e-01 1.109251610830255231e+03
-1.080918097175409681e-01 -5.590843317688648506e-01 8.822289446301921911e-01 -1.107305419249007716e+00 -8.534316197826503636e-01 5.747009597108150292e-01 7.859382356386831816e+02 4.897794645059700414e-01 1.109175417509141425e+03
-1.839586487682677574e-01 -6.595293225294228678e-01 8.857449366853944461e-01 -1.093344161200596076e+00 -8.778262572983658307e-01 4.641990681723437429e-01 7.860272640464241931e+02 6.545124943498863423e-01 1.108996380467620611e+03
-2.151437924924454737e-01 -7.671316329994970484e-01 7.522957685713282938e-01 -1.083324160243594347e+00 -8.947399423768556126e-01 3.094782253858049392e-01 7.861200844755992421e+02 6.894105975463087344e-01 1.108951830706732380e+03
-1.974349420671225597e-01 -8.989388325766420884e-01 6.119723145941726727e-01 -1.079665391005965258e+00 -9.007985858379152777e-01 1.213672435318548237e-01 7.861829232319482799e+02 7.417550327168060953e-01 1.108880668040289265e+03
-1.298359472070431675e-01 -9.273120161219053914e-01 4.388265370580692326e-01 -1.085032225497371217e+00 -8.918903606992787392e-01 0.000000000000000000e+00 7.861943434492314964e+02 7.504787733567290786e-01 1.108868301512618245e+03
-3.596239691370992780e-02 -8.072812650984297900e-01 1.816580365438775768e-01 -1.095481145130444478e+00 -8.741562809264646905e-01 -4.507945004454099597e-02 7.861927679220896152e+02 6.806862037467775739e-01 1.108963185053441521e+03
7.344900157574843491e-02 -6.687851077227752183e-01 -8.163370745111434013e-02 -1.111894959876820188e+00 -8.451892906159786945e-01 -1.051850711548892453e-01 7.861857655919700392e+02 5.934375717664693850e-01 1.109068775101141455e+03
1.587166164106039445e-01 -4.827364697320525311e-01 -2.699322351549395815e-01 -1.125694177728082890e+00 -8.196956848257322958e-01 -1.126982298790381032e-01 7.861844964218614678e+02 5.236330401193145523e-01 1.109142834777489725e+03
2.175798872012889573e-01 -2.758637698337413346e-01 -4.720086288112059214e-01 -1.139382500065980963e+00 -7.932723235755377855e-01 -9.015871941137054701e-02 7.861880413469785935e+02 3.913645677173988591e-01 1.109257770984537729e+03
2.507595517009163499e-01 7.486951531743879333e-03 -6.148944062215703221e-01 -1.152043858272246979e+00 -7.677238447424346024e-01 1.733825988574403190e-02 7.861941103830199609e+02 2.765390992626694522e-01 1.109330598561626857e+03
2.460960921351807995e-01 2.604054295306827416e-01 -7.232503289465250784e-01 -1.159675942954938144e+00 -7.517627682369543152e-01 1.213672435318548237e-01 7.861829232319482799e+02 1.470069069954831886e-01 1.109382693755831269e+03
2.185448109686727036e-01 4.260507498571733387e-01 -6.204105272274529348e-01 -1.165369197795669498e+00 -7.395616235829174379e-01 2.080561786166963134e-01 7.861607821518878154e+02 1.470069069954831886e-01 1.109382693755831269e+03
1.655473556611621877e-01 5.399687551982015332e-01 -4.581999847266674530e-01 -1.166163066605666376e+00 -7.378394677868251872e-01 3.094782253858049392e-01 7.861200844755992421e+02 1.406153760934761576e-01 1.109384439321686386e+03
